162: [3,1,1,1,1]
163: [3,1,1,1,2]
164: [3,1,1,1,3]
165: [3,1,1,2,1]
166: [3,1,1,2,2]
167: [3,1,1,2,3]
168: [3,1,1,3,1]
169: [3,1,1,3,2]
170: [3,1,1,3,3]
171: [3,1,2,1,1]
172: [3,1,2,1,2]
173: [3,1,2,1,3]
174: [3,1,2,2,1]
175: [3,1,2,2,2]
176: [3,1,2,2,3]
177: [3,1,2,3,1]
178: [3,1,2,3,2]
179: [3,1,2,3,3]
180: [3,1,3,1,1]
181: [3,1,3,1,2]
182: [3,1,3,1,3]
183: [3,1,3,2,1]
184: [3,1,3,2,2]
185: [3,1,3,2,3]
186: [3,1,3,3,1]
187: [3,1,3,3,2]
188: [3,1,3,3,3]
189: [3,2,1,1,1]
190: [3,2,1,1,2]
191: [3,2,1,1,3]
192: [3,2,1,2,1]
193: [3,2,1,2,2]
194: [3,2,1,2,3]
195: [3,2,1,3,1]
196: [3,2,1,3,2]
197: [3,2,1,3,3]
198: [3,2,2,1,1]
199: [3,2,2,1,2]
200: [3,2,2,1,3]
201: [3,2,2,2,1]
202: [3,2,2,2,2]
203: [3,2,2,2,3]
204: [3,2,2,3,1]
205: [3,2,2,3,2]
206: [3,2,2,3,3]
207: [3,2,3,1,1]
208: [3,2,3,1,2]
209: [3,2,3,1,3]
210: [3,2,3,2,1]
211: [3,2,3,2,2]
212: [3,2,3,2,3]
213: [3,2,3,3,1]
214: [3,2,3,3,2]
215: [3,2,3,3,3]
216: [3,3,1,1,1]
217: [3,3,1,1,2]
218: [3,3,1,1,3]
219: [3,3,1,2,1]
220: [3,3,1,2,2]
221: [3,3,1,2,3]
222: [3,3,1,3,1]
223: [3,3,1,3,2]
224: [3,3,1,3,3]
225: [3,3,2,1,1]
226: [3,3,2,1,2]
227: [3,3,2,1,3]
228: [3,3,2,2,1]
229: [3,3,2,2,2]
230: [3,3,2,2,3]
231: [3,3,2,3,1]
232: [3,3,2,3,2]
233: [3,3,2,3,3]
234: [3,3,3,1,1]
235: [3,3,3,1,2]
236: [3,3,3,1,3]
237: [3,3,3,2,1]
238: [3,3,3,2,2]
239: [3,3,3,2,3]
240: [3,3,3,3,1]
241: [3,3,3,3,2]
242: [3,3,3,3,3]
