81: [2,1,1,1,1]
82: [2,1,1,1,2]
83: [2,1,1,1,3]
84: [2,1,1,2,1]
85: [2,1,1,2,2]
86: [2,1,1,2,3]
87: [2,1,1,3,1]
88: [2,1,1,3,2]
89: [2,1,1,3,3]
90: [2,1,2,1,1]
91: [2,1,2,1,2]
92: [2,1,2,1,3]
93: [2,1,2,2,1]
94: [2,1,2,2,2]
95: [2,1,2,2,3]
96: [2,1,2,3,1]
97: [2,1,2,3,2]
98: [2,1,2,3,3]
99: [2,1,3,1,1]
100: [2,1,3,1,2]
101: [2,1,3,1,3]
102: [2,1,3,2,1]
103: [2,1,3,2,2]
104: [2,1,3,2,3]
105: [2,1,3,3,1]
106: [2,1,3,3,2]
107: [2,1,3,3,3]
108: [2,2,1,1,1]
109: [2,2,1,1,2]
110: [2,2,1,1,3]
111: [2,2,1,2,1]
112: [2,2,1,2,2]
113: [2,2,1,2,3]
114: [2,2,1,3,1]
115: [2,2,1,3,2]
116: [2,2,1,3,3]
117: [2,2,2,1,1]
118: [2,2,2,1,2]
119: [2,2,2,1,3]
120: [2,2,2,2,1]
121: [2,2,2,2,2]
122: [2,2,2,2,3]
123: [2,2,2,3,1]
124: [2,2,2,3,2]
125: [2,2,2,3,3]
126: [2,2,3,1,1]
127: [2,2,3,1,2]
128: [2,2,3,1,3]
129: [2,2,3,2,1]
130: [2,2,3,2,2]
131: [2,2,3,2,3]
132: [2,2,3,3,1]
133: [2,2,3,3,2]
134: [2,2,3,3,3]
135: [2,3,1,1,1]
136: [2,3,1,1,2]
137: [2,3,1,1,3]
138: [2,3,1,2,1]
139: [2,3,1,2,2]
140: [2,3,1,2,3]
141: [2,3,1,3,1]
142: [2,3,1,3,2]
143: [2,3,1,3,3]
144: [2,3,2,1,1]
145: [2,3,2,1,2]
146: [2,3,2,1,3]
147: [2,3,2,2,1]
148: [2,3,2,2,2]
149: [2,3,2,2,3]
150: [2,3,2,3,1]
151: [2,3,2,3,2]
152: [2,3,2,3,3]
153: [2,3,3,1,1]
154: [2,3,3,1,2]
155: [2,3,3,1,3]
156: [2,3,3,2,1]
157: [2,3,3,2,2]
158: [2,3,3,2,3]
159: [2,3,3,3,1]
160: [2,3,3,3,2]
161: [2,3,3,3,3]
