0: [1,1,1,1,1]
1: [1,1,1,1,2]
2: [1,1,1,1,3]
3: [1,1,1,2,1]
4: [1,1,1,2,2]
5: [1,1,1,2,3]
6: [1,1,1,3,1]
7: [1,1,1,3,2]
8: [1,1,1,3,3]
9: [1,1,2,1,1]
10: [1,1,2,1,2]
11: [1,1,2,1,3]
12: [1,1,2,2,1]
13: [1,1,2,2,2]
14: [1,1,2,2,3]
15: [1,1,2,3,1]
16: [1,1,2,3,2]
17: [1,1,2,3,3]
18: [1,1,3,1,1]
19: [1,1,3,1,2]
20: [1,1,3,1,3]
21: [1,1,3,2,1]
22: [1,1,3,2,2]
23: [1,1,3,2,3]
24: [1,1,3,3,1]
25: [1,1,3,3,2]
26: [1,1,3,3,3]
27: [1,2,1,1,1]
28: [1,2,1,1,2]
29: [1,2,1,1,3]
30: [1,2,1,2,1]
31: [1,2,1,2,2]
32: [1,2,1,2,3]
33: [1,2,1,3,1]
34: [1,2,1,3,2]
35: [1,2,1,3,3]
36: [1,2,2,1,1]
37: [1,2,2,1,2]
38: [1,2,2,1,3]
39: [1,2,2,2,1]
40: [1,2,2,2,2]
41: [1,2,2,2,3]
42: [1,2,2,3,1]
43: [1,2,2,3,2]
44: [1,2,2,3,3]
45: [1,2,3,1,1]
46: [1,2,3,1,2]
47: [1,2,3,1,3]
48: [1,2,3,2,1]
49: [1,2,3,2,2]
50: [1,2,3,2,3]
51: [1,2,3,3,1]
52: [1,2,3,3,2]
53: [1,2,3,3,3]
54: [1,3,1,1,1]
55: [1,3,1,1,2]
56: [1,3,1,1,3]
57: [1,3,1,2,1]
58: [1,3,1,2,2]
59: [1,3,1,2,3]
60: [1,3,1,3,1]
61: [1,3,1,3,2]
62: [1,3,1,3,3]
63: [1,3,2,1,1]
64: [1,3,2,1,2]
65: [1,3,2,1,3]
66: [1,3,2,2,1]
67: [1,3,2,2,2]
68: [1,3,2,2,3]
69: [1,3,2,3,1]
70: [1,3,2,3,2]
71: [1,3,2,3,3]
72: [1,3,3,1,1]
73: [1,3,3,1,2]
74: [1,3,3,1,3]
75: [1,3,3,2,1]
76: [1,3,3,2,2]
77: [1,3,3,2,3]
78: [1,3,3,3,1]
79: [1,3,3,3,2]
80: [1,3,3,3,3]
