768: [4,1,1,1,1]
769: [4,1,1,1,2]
770: [4,1,1,1,3]
771: [4,1,1,1,4]
772: [4,1,1,2,1]
773: [4,1,1,2,2]
774: [4,1,1,2,3]
775: [4,1,1,2,4]
776: [4,1,1,3,1]
777: [4,1,1,3,2]
778: [4,1,1,3,3]
779: [4,1,1,3,4]
780: [4,1,1,4,1]
781: [4,1,1,4,2]
782: [4,1,1,4,3]
783: [4,1,1,4,4]
784: [4,1,2,1,1]
785: [4,1,2,1,2]
786: [4,1,2,1,3]
787: [4,1,2,1,4]
788: [4,1,2,2,1]
789: [4,1,2,2,2]
790: [4,1,2,2,3]
791: [4,1,2,2,4]
792: [4,1,2,3,1]
793: [4,1,2,3,2]
794: [4,1,2,3,3]
795: [4,1,2,3,4]
796: [4,1,2,4,1]
797: [4,1,2,4,2]
798: [4,1,2,4,3]
799: [4,1,2,4,4]
800: [4,1,3,1,1]
801: [4,1,3,1,2]
802: [4,1,3,1,3]
803: [4,1,3,1,4]
804: [4,1,3,2,1]
805: [4,1,3,2,2]
806: [4,1,3,2,3]
807: [4,1,3,2,4]
808: [4,1,3,3,1]
809: [4,1,3,3,2]
810: [4,1,3,3,3]
811: [4,1,3,3,4]
812: [4,1,3,4,1]
813: [4,1,3,4,2]
814: [4,1,3,4,3]
815: [4,1,3,4,4]
816: [4,1,4,1,1]
817: [4,1,4,1,2]
818: [4,1,4,1,3]
819: [4,1,4,1,4]
820: [4,1,4,2,1]
821: [4,1,4,2,2]
822: [4,1,4,2,3]
823: [4,1,4,2,4]
824: [4,1,4,3,1]
825: [4,1,4,3,2]
826: [4,1,4,3,3]
827: [4,1,4,3,4]
828: [4,1,4,4,1]
829: [4,1,4,4,2]
830: [4,1,4,4,3]
831: [4,1,4,4,4]
832: [4,2,1,1,1]
833: [4,2,1,1,2]
834: [4,2,1,1,3]
835: [4,2,1,1,4]
836: [4,2,1,2,1]
837: [4,2,1,2,2]
838: [4,2,1,2,3]
839: [4,2,1,2,4]
840: [4,2,1,3,1]
841: [4,2,1,3,2]
842: [4,2,1,3,3]
843: [4,2,1,3,4]
844: [4,2,1,4,1]
845: [4,2,1,4,2]
846: [4,2,1,4,3]
847: [4,2,1,4,4]
848: [4,2,2,1,1]
849: [4,2,2,1,2]
850: [4,2,2,1,3]
851: [4,2,2,1,4]
852: [4,2,2,2,1]
853: [4,2,2,2,2]
854: [4,2,2,2,3]
855: [4,2,2,2,4]
856: [4,2,2,3,1]
857: [4,2,2,3,2]
858: [4,2,2,3,3]
859: [4,2,2,3,4]
860: [4,2,2,4,1]
861: [4,2,2,4,2]
862: [4,2,2,4,3]
863: [4,2,2,4,4]
864: [4,2,3,1,1]
865: [4,2,3,1,2]
866: [4,2,3,1,3]
867: [4,2,3,1,4]
868: [4,2,3,2,1]
869: [4,2,3,2,2]
870: [4,2,3,2,3]
871: [4,2,3,2,4]
872: [4,2,3,3,1]
873: [4,2,3,3,2]
874: [4,2,3,3,3]
875: [4,2,3,3,4]
876: [4,2,3,4,1]
877: [4,2,3,4,2]
878: [4,2,3,4,3]
879: [4,2,3,4,4]
880: [4,2,4,1,1]
881: [4,2,4,1,2]
882: [4,2,4,1,3]
883: [4,2,4,1,4]
884: [4,2,4,2,1]
885: [4,2,4,2,2]
886: [4,2,4,2,3]
887: [4,2,4,2,4]
888: [4,2,4,3,1]
889: [4,2,4,3,2]
890: [4,2,4,3,3]
891: [4,2,4,3,4]
892: [4,2,4,4,1]
893: [4,2,4,4,2]
894: [4,2,4,4,3]
895: [4,2,4,4,4]
896: [4,3,1,1,1]
897: [4,3,1,1,2]
898: [4,3,1,1,3]
899: [4,3,1,1,4]
900: [4,3,1,2,1]
901: [4,3,1,2,2]
902: [4,3,1,2,3]
903: [4,3,1,2,4]
904: [4,3,1,3,1]
905: [4,3,1,3,2]
906: [4,3,1,3,3]
907: [4,3,1,3,4]
908: [4,3,1,4,1]
909: [4,3,1,4,2]
910: [4,3,1,4,3]
911: [4,3,1,4,4]
912: [4,3,2,1,1]
913: [4,3,2,1,2]
914: [4,3,2,1,3]
915: [4,3,2,1,4]
916: [4,3,2,2,1]
917: [4,3,2,2,2]
918: [4,3,2,2,3]
919: [4,3,2,2,4]
920: [4,3,2,3,1]
921: [4,3,2,3,2]
922: [4,3,2,3,3]
923: [4,3,2,3,4]
924: [4,3,2,4,1]
925: [4,3,2,4,2]
926: [4,3,2,4,3]
927: [4,3,2,4,4]
928: [4,3,3,1,1]
929: [4,3,3,1,2]
930: [4,3,3,1,3]
931: [4,3,3,1,4]
932: [4,3,3,2,1]
933: [4,3,3,2,2]
934: [4,3,3,2,3]
935: [4,3,3,2,4]
936: [4,3,3,3,1]
937: [4,3,3,3,2]
938: [4,3,3,3,3]
939: [4,3,3,3,4]
940: [4,3,3,4,1]
941: [4,3,3,4,2]
942: [4,3,3,4,3]
943: [4,3,3,4,4]
944: [4,3,4,1,1]
945: [4,3,4,1,2]
946: [4,3,4,1,3]
947: [4,3,4,1,4]
948: [4,3,4,2,1]
949: [4,3,4,2,2]
950: [4,3,4,2,3]
951: [4,3,4,2,4]
952: [4,3,4,3,1]
953: [4,3,4,3,2]
954: [4,3,4,3,3]
955: [4,3,4,3,4]
956: [4,3,4,4,1]
957: [4,3,4,4,2]
958: [4,3,4,4,3]
959: [4,3,4,4,4]
960: [4,4,1,1,1]
961: [4,4,1,1,2]
962: [4,4,1,1,3]
963: [4,4,1,1,4]
964: [4,4,1,2,1]
965: [4,4,1,2,2]
966: [4,4,1,2,3]
967: [4,4,1,2,4]
968: [4,4,1,3,1]
969: [4,4,1,3,2]
970: [4,4,1,3,3]
971: [4,4,1,3,4]
972: [4,4,1,4,1]
973: [4,4,1,4,2]
974: [4,4,1,4,3]
975: [4,4,1,4,4]
976: [4,4,2,1,1]
977: [4,4,2,1,2]
978: [4,4,2,1,3]
979: [4,4,2,1,4]
980: [4,4,2,2,1]
981: [4,4,2,2,2]
982: [4,4,2,2,3]
983: [4,4,2,2,4]
984: [4,4,2,3,1]
985: [4,4,2,3,2]
986: [4,4,2,3,3]
987: [4,4,2,3,4]
988: [4,4,2,4,1]
989: [4,4,2,4,2]
990: [4,4,2,4,3]
991: [4,4,2,4,4]
992: [4,4,3,1,1]
993: [4,4,3,1,2]
994: [4,4,3,1,3]
995: [4,4,3,1,4]
996: [4,4,3,2,1]
997: [4,4,3,2,2]
998: [4,4,3,2,3]
999: [4,4,3,2,4]
1000: [4,4,3,3,1]
1001: [4,4,3,3,2]
1002: [4,4,3,3,3]
1003: [4,4,3,3,4]
1004: [4,4,3,4,1]
1005: [4,4,3,4,2]
1006: [4,4,3,4,3]
1007: [4,4,3,4,4]
1008: [4,4,4,1,1]
1009: [4,4,4,1,2]
1010: [4,4,4,1,3]
1011: [4,4,4,1,4]
1012: [4,4,4,2,1]
1013: [4,4,4,2,2]
1014: [4,4,4,2,3]
1015: [4,4,4,2,4]
1016: [4,4,4,3,1]
1017: [4,4,4,3,2]
1018: [4,4,4,3,3]
1019: [4,4,4,3,4]
1020: [4,4,4,4,1]
1021: [4,4,4,4,2]
1022: [4,4,4,4,3]
1023: [4,4,4,4,4]
